0 0.229266 0.402920 0.210429 0.394009 0.216828 0.351261 0.235664 0.360171
3 0.585725 0.220300 0.594736 0.246646 0.577423 0.265360 0.568413 0.239014
3 0.547526 0.191233 0.535950 0.167725 0.550814 0.144593 0.562389 0.168101
5 0.384192 0.347669 0.357352 0.333081 0.360750 0.313324 0.387590 0.327912
4 0.387257 0.558696 0.408051 0.540505 0.424013 0.598172 0.403218 0.616363
1 0.212963 0.886866 0.208363 0.854308 0.247256 0.836940 0.251856 0.869498
3 0.602290 0.863672 0.585900 0.837344 0.601120 0.807397 0.617511 0.833725
0 0.787157 0.741521 0.805409 0.728477 0.814851 0.770229 0.796598 0.783273
6 0.938867 0.694158 0.922171 0.665793 0.940828 0.631086 0.957524 0.659450
5 0.904592 0.281455 0.893215 0.327098 0.882287 0.318489 0.893664 0.272846
